out3a.json
{"header": { "discipline":0, "disciplineName":"Meteorological products", "gribEdition":2, "gribLength":104115, "center":29, "centerName":"New Delhi (RSMC/RAFC)", "subcenter":0, "refTime":"2018-01-26T12:00:00.000Z", "significanceOfRT":1, "significanceOfRTName":"Start of forecast", "productStatus":0, "productStatusName":"Operational products", "productType":2, "productTypeName":"Analysis and Forecast products", "productDefinitionTemplate":0, "productDefinitionTemplateName":"Analysis/forecast at horizontal level/layer at a point in time", "parameterCategory":2, "parameterCategoryName":"Momentum", "parameterNumber":3, "parameterNumberName":"V-component_of_wind", "parameterUnit":"m.s-1", "genProcessType":2, "genProcessTypeName":"Forecast", "forecastTime":12, "surface1Type":103, "surface1TypeName":"Specified height level above ground", "surface1Value":10.0, "surface2Type":255, "surface2TypeName":"Missing", "surface2Value":-9.999E-252, "gridDefinitionTemplate":0, "gridDefinitionTemplateName":"Latitude_Longitude", "numberPoints":65160, "shape":6, "shapeName":"Earth spherical with radius of 6,371,229.0 m", "gridUnits":"degrees", "resolution":48, "winds":"true", "scanMode":0, "nx":360, "ny":181, "basicAngle":0, "lo1":0.0, "la1":90.0, "lo2":359.0, "la2":-90.0, "dx":1.0, "dy":1.0 }, "data":
[rows 150 to 174 of 181, columns 232 to 289 of 360]
0.99956894,1.4087486,2.9497643,4.666561,4.1499596,0.7251549,-1.1830482,-0.8168373,0.24956894,0.6587486,0.36675644,-0.4496498,-1.0170326,-1.7914467,-2.4496498,-3.5746498,-4.0170326,-3.9750404,-2.9164467,-2.625431,-2.500431,-2.3168373,-1.7836342,-1.0004311,-0.6586342,-0.491642,1.0747643,2.017147,3.0835533,4.30035,3.4829674,4.17535,6.8999596,0.29156113,-4.583439,-5.524845,-6.000431,-6.4330482,-6.875431,-5.8080482,-5.4418373,-4.6000404,-2.857853,-5.208439,-7.3500404,-8.991642,-12.642033,-12.69965,-12.625431,-12.258244,-11.44965,-10.691837,-9.908634,-9.000431,-8.591251,-8.433048,-8.550236,-7.6664467
3.8335533,3.4937096,3.4448814,3.1919518,3.0532799,2.499569,1.5581627,0.6831627,0.3003502,0.10015488,-0.22699356,-0.48480606,-0.40375137,-0.7914467,-1.0297279,-0.88129044,-0.85004044,-0.72504044,-0.50043106,-0.7963295,-1.1898842,-0.97504044,-0.9262123,-1.0248451,-0.65472794,0.383358,1.0903893,2.6929283,2.6753502,2.2749596,3.8667564,3.4917564,4.8804283,5.749569,5.7417564,-5.4945717,-7.0414467,-6.94672,-6.3500404,-6.7064857,-5.6517982,-4.609806,-3.5336342,-6.250431,-7.904728,-12.048283,-12.939884,-12.354923,-11.533634,-11.149845,-10.534611,-9.833439,-9.479923,-9.44965,-8.866642,-8.305119,-8.894962,-7.8012123
2.2778893,2.3501549,2.164608,1.7671471,1.3882408,0.94976425,0.9331627,1.0503502,0.24956894,0.0015220642,-4.310608E-4,0.27984238,-0.13324356,0.3003502,0.005428314,0.76714706,0.883358,1.2349205,1.2495689,1.0913658,0.32476425,-4.310608E-4,-0.34125137,-0.5248451,-0.6449623,1.539608,1.9048424,1.180233,1.9829674,2.0845299,3.0454674,3.517147,4.539608,5.2417564,5.1167564,3.1753502,0.2036705,-10.158634,-9.000431,-6.79047,-5.6781654,-6.1000404,-5.6596107,-7.57465,-9.989689,-11.333439,-11.425236,-11.1400795,-10.941837,-10.291447,-9.869572,-9.716251,-9.25629,-9.10004,-8.973087,-8.774845,-8.000431,-6.734806
2.3569908,2.0581627,1.4898033,1.0249596,0.34527206,0.8599205,0.77300644,0.414608,0.44976425,-0.35297012,0.06206894,1.539608,1.4937096,1.4751549,2.749569,3.1587486,3.2866783,2.3403893,2.0669518,1.3218346,2.3101158,1.352108,0.3862877,0.69976425,-0.5131264,-1.2680092,0.4351158,0.74956894,1.5337486,2.9595299,5.0337486,6.091366,6.5249596,6.9087486,6.2066,5.6304283,3.352108,-9.823673,-10.72504,-8.85004,-6.795353,-6.5951576,-7.3080482,-9.383244,-11.534611,-11.10004,-10.972111,-10.85004,-10.241642,-9.75629,-9.44965,-9.017033,-8.708439,-8.10004,-7.2230873,-6.6830482,-6.3295326,-6.2699623
1.3530846,1.1587486,0.805233,0.31695175,0.80620956,0.70464706,0.5415611,0.7368736,-0.47504044,-0.041446686,1.5982018,2.7349205,2.515194,3.7749596,5.3950768,6.1567955,4.541561,3.4751549,2.2749596,1.3950768,2.2847252,1.805233,0.7349205,-0.50043106,0.6831627,1.3687096,0.47027206,1.5415611,1.6245689,3.2749596,4.9136314,6.350155,7.725155,8.374569,7.475155,6.7349205,5.685116,-6.0512123,-8.050236,-7.295353,-6.715275,-8.210392,-9.644962,-11.033634,-10.630314,-9.998478,-9.566837,-9.920353,-9.491642,-8.604923,-8.35004,-7.8900795,-7.458439,-7.3500404,-7.0863686,-6.732853,-6.189884,-5.8002357
1.4419518,0.017147064,0.47515488,1.0835533,1.7417564,1.4497643,0.99175644,0.87456894,0.87456894,1.1587486,1.8169518,2.2251549,3.142147,4.041561,5.249569,6.249569,5.7329674,4.80035,2.5415611,1.2671471,0.69976425,1.4419518,1.0581627,0.87456894,1.3169518,0.24956894,0.74956894,1.633358,2.124569,2.9751549,4.216366,4.874569,5.225155,6.9585533,7.749569,5.55035,3.6997643,1.6665611,-1.2504311,-3.9164467,-6.5170326,-7.69965,-8.633244,-8.750431,-7.875431,-8.341251,-8.642033,-8.44965,-8.416447,-8.258244,-7.69965,-7.0668373,-6.875431,-6.875431,-6.500431,-6.1830482,-6.125431,-4.9662514
2.8316002,0.37456894,0.010311127,0.883358,1.3784752,2.2398033,-0.17035294,1.2515221,1.7495689,1.9468346,2.624569,2.4097252,2.970272,3.3247643,3.3804283,4.1831627,4.751522,5.0054283,5.30035,4.838436,4.060116,3.2817955,2.4331627,2.1001549,1.4995689,1.2446861,0.9849205,1.3628502,2.1079674,3.2798424,4.534725,5.8579674,6.1899986,3.7251549,4.088436,4.6997643,4.510311,1.6284752,0.62456894,-0.52679825,-2.8930092,-4.4252357,-5.208439,-5.8920326,-6.6449623,-7.0580482,-7.19965,-7.44965,-7.982853,-8.396915,-8.444767,-8.3900795,-8.062931,-7.69965,-7.024845,-7.07465,-6.5346107,-5.5463295
3.1997643,-0.7445717,-2.359806,-0.30023575,1.4399986,1.7700768,1.7954674,2.312069,2.7251549,3.2036705,3.5347252,2.499569,2.0503502,1.1831627,1.805233,1.8745689,1.7915611,2.204647,2.5337486,2.6753502,2.9497643,2.749569,2.923397,3.4751549,3.0767174,2.2085533,2.0649986,2.4712486,2.9419518,3.265194,3.3667564,4.312069,5.7349205,6.4419518,3.9419518,0.6050377,1.3384361,0.09331894,-0.47504044,-0.6898842,-1.4437904,-2.4945717,-3.9486732,-5.0170326,-5.6351967,-5.8002357,-5.5863686,-5.500431,-6.07465,-6.1517982,-6.5199623,-6.732853,-7.6420326,-8.149845,-7.29047,-6.328556,-4.899845,-3.6332436
5.2817955,2.4136314,0.03472519,-0.7670326,0.060115814,0.57476425,0.8569908,1.8403893,2.7251549,3.9487877,4.1050377,3.345272,3.3501549,3.4829674,3.624569,3.4780846,3.4497643,3.2749596,3.6001549,3.6948814,3.7749596,4.05035,4.0562096,4.42535,5.3618736,5.5513268,-1.5902748,-0.03168106,0.52495956,1.3345299,1.6919518,2.8198814,3.0503502,3.2085533,3.1167564,2.8550377,2.1450768,0.81695175,0.19976425,-0.5433998,-1.9613686,-2.875431,-3.4945717,-3.3412514,-3.3500404,-3.5717201,-3.8832436,-4.7650795,-5.1332436,-5.861759,-6.19965,-6.3500404,-6.399845,-6.4252357,-5.3764076,-4.0131264,-2.5502357,-1.0814857
4.4399986,4.42535,3.9253502,2.3081627,1.4536705,1.5103111,1.7612877,2.6587486,3.1997643,3.249569,3.2720299,3.3149986,3.5835533,3.7163658,4.039608,3.579647,3.3345299,3.329647,3.633358,3.6499596,3.8501549,3.798397,3.930233,4.55035,4.8667564,5.9985924,5.310116,3.7417564,2.1997643,1.7349205,1.7681236,1.6665611,0.36968613,-0.42523575,-0.87836075,-0.5746498,-0.057071686,0.33843613,0.24956894,0.14214706,-0.5180092,-2.0502357,-3.1117592,-3.6918373,-4.1752357,-4.4750404,-5.123478,-5.3949623,-5.482853,-5.3783607,-5.04047,-4.94965,-4.248478,-3.500431,-3.3119545,-3.1312904,-2.1195717,0.9097252
2.874569,2.642147,3.124569,3.374569,3.749569,4.1997643,3.3169518,3.124569,3.374569,3.499569,3.499569,3.374569,3.508358,3.499569,3.6499596,3.374569,2.9829674,2.749569,2.9165611,2.7329674,3.6499596,3.874569,4.091366,3.999569,3.999569,4.249569,4.249569,4.142147,4.5835533,4.124569,4.374569,3.7163658,2.6997643,1.7495689,0.26714706,-0.25043106,-0.55804825,-0.9086342,-4.310608E-4,0.18316269,-1.3832436,-1.3754311,-3.2748451,-4.1664467,-3.8500404,-4.4662514,-4.125431,-4.250431,-3.7914467,-3.625431,-2.8246498,-2.250431,-3.2084389,-3.250431,-3.000431,-1.3080482,0.82476425,-1.9750404
2.343319,2.265194,1.9253502,1.9253502,2.046444,2.3003502,2.5747643,2.9497643,3.0249596,3.2329674,3.852108,3.9751549,3.7163658,3.3003502,3.1997643,3.1499596,2.6929283,2.5454674,2.6997643,2.874569,2.8003502,2.624569,2.680233,2.6997643,2.305233,1.9732018,1.8247643,1.7749596,1.8247643,2.249569,2.9917564,3.8482018,3.9800377,3.624569,3.508358,3.1001549,2.796444,1.1919518,0.24956894,-1.3471107,-1.6762123,-1.9154701,-3.3363686,-3.3334389,-2.9301186,-2.272892,-1.491642,-0.7445717,-2.250431,-3.0551186,-2.484806,-2.460392,-2.1586342,-2.1000404,-1.4369545,-1.1986732,-0.40961075,0.52788925
1.5464439,1.9419518,2.3149986,3.017147,3.2232018,3.4800377,3.6001549,3.602108,3.4751549,3.3003502,2.9751549,3.1704674,3.5064049,3.9253502,3.555233,3.961483,4.017147,2.7954674,2.5581627,2.6001549,2.624569,2.8081627,3.1001549,3.1001549,2.9019127,1.289608,-0.2699623,0.89995956,-0.60004044,1.3345299,1.8618736,1.4282799,3.7603111,1.9419518,1.2837486,0.8101158,0.3286705,0.05035019,-0.07464981,-0.16839981,-0.23871231,-0.19964981,-0.42035294,-0.14984512,-1.460392,-1.9115639,-3.3363686,-3.1654701,-4.274845,-3.8812904,-3.3900795,-3.7514076,-3.7719154,-3.8998451,-2.0600014,-0.03168106,-0.36468887,0.011287689
1.9898033,2.1704674,3.3696861,2.7329674,2.383358,1.9751549,2.124569,2.3980064,2.8501549,3.515194,3.9917564,4.1450768,4.0679283,4.017147,4.5249596,4.80035,4.711483,3.829647,4.3247643,4.8550377,4.3599205,3.343319,2.3101158,1.6753502,1.2398033,0.4819908,0.89995956,0.9204674,0.86675644,1.7095299,2.0249596,1.6499596,1.2749596,1.008358,1.7817955,2.4751549,2.4966393,1.2778893,1.0249596,1.133358,1.6968346,0.7603111,0.64214706,1.6753502,0.6548424,-1.0863686,-2.0863686,-2.5648842,-1.9496498,0.180233,-0.85004044,-2.9652748,-2.1264076,-0.72504044,-2.0121498,-0.99847794,-0.0053138733,-0.015079498
2.937069,2.6616783,0.8804283,0.81695175,2.3696861,0.7798424,2.345272,3.7769127,1.8745689,2.796444,3.7036705,3.9497643,3.6382408,2.249569,4.6899986,8.45953,5.5816,6.890194,6.100155,5.3862877,4.55035,3.9116783,3.836483,3.8247643,2.5034752,-0.48187637,0.51519394,0.97027206,0.49956894,0.8501549,2.1919518,2.4019127,1.8501549,1.9331627,0.27495956,-0.47992325,-0.366642,0.29156113,0.57476425,0.883358,1.5816002,2.5747643,3.4136314,3.8413658,1.2046471,-0.35687637,0.57476425,-0.41547012,-1.8246498,-1.8832436,-2.734806,-2.7465248,-3.0580482,-3.0502357,-3.4799232,-3.2836342,-3.375431,-2.9418373
0.091365814,0.89214706,1.4751549,2.499569,3.7417564,3.8501549,2.874569,3.5581627,4.624569,5.5337486,5.999569,6.350155,6.966366,3.499569,1.9497643,5.9419518,3.0835533,1.6753502,4.791561,5.017147,4.3247643,3.5669518,3.499569,4.124569,4.7837486,4.6167564,3.8003502,4.3667564,3.4585533,0.69976425,0.23296738,1.0171471,1.7251549,2.6665611,3.2417564,2.4253502,1.3169518,0.7837486,-4.310608E-4,0.19195175,1.258358,2.3501549,2.874569,2.7085533,2.3003502,2.4829674,2.892147,3.6001549,4.416561,4.874569,4.225155,2.7085533,4.008358,-4.310608E-4,-1.5004311,-1.3168373,-0.42523575,-1.0004311
-1.0912514,0.35015488,2.374569,3.2251549,4.430233,5.060116,3.4331627,2.7017174,2.874569,3.9712486,4.9429283,2.3853111,1.4536705,2.6167564,7.1304283,2.1069908,1.5816002,4.0200768,4.4087486,3.3999596,3.640194,4.124569,4.086483,3.8003502,3.6314049,3.765194,3.9898033,4.1548424,4.249569,3.845272,3.2769127,2.6079674,2.1450768,1.8667564,1.7749596,1.8501549,2.1567955,3.5747643,4.600155,5.008358,5.466366,5.9399986,5.8149986,5.1079674,4.5454674,4.3062096,4.225155,4.3804283,5.3169518,6.4536705,7.560116,8.536678,6.0786705,-0.3246498,0.24663925,1.3130455,0.20464706,0.19292831
-1.3168373,-0.32660294,-0.7152748,-1.6752357,-2.4183998,-0.6303139,1.0249596,2.5317955,3.4497643,3.1314049,1.2778893,0.4351158,2.0532799,2.0337486,1.7847252,1.2280846,1.3198814,1.9097252,2.3081627,2.7417564,3.1001549,3.1030846,2.9312096,2.6499596,2.0767174,0.005428314,-3.0551186,-2.0531654,-0.27484512,1.5747643,3.0747643,4.013241,4.350155,4.633358,3.9419518,2.2398033,1.6636314,1.3013268,0.8501549,1.2651939,2.187069,3.3804283,4.763241,5.0747643,4.8149986,4.8013268,5.225155,5.055233,5.0249596,5.6548424,6.9399986,7.0435143,5.8247643,4.4497643,5.0269127,5.55035,5.6099205,5.3735924
-1.3002357,-1.8080482,-3.359806,-3.5746498,-4.368595,-3.5551186,-2.7396889,-2.7250404,-1.8754311,-1.0912514,-0.43304825,0.10015488,0.62652206,0.89995956,0.94976425,0.94976425,0.9751549,1.1997643,1.8999596,2.9536705,3.499569,3.0034752,1.7329674,0.32476425,0.041561127,-0.366642,-0.55023575,-0.085392,0.9253502,1.9097252,2.6616783,2.7817955,2.9253502,2.999569,3.0982018,3.0298424,2.9497643,3.0064049,2.8003502,2.4351158,0.9585533,1.164608,1.6587486,0.06695175,2.4048424,4.3130455,5.305233,0.23980331,-1.7914467,-0.80316544,-0.42035294,0.29644394,0.49663925,2.0747643,2.8081627,2.7720299,1.6851158,2.1001549
-4.8480873,-5.4662514,-5.814884,-5.750431,-5.4281654,-4.4750404,-4.533634,-4.2582436,-4.2250404,-3.9418373,-3.6000404,-3.375431,-3.1000404,-2.8334389,-2.4750404,-1.9232826,-1.2484779,-0.6498451,-0.37543106,-0.14984512,0.05035019,0.27495956,0.35015488,0.3003502,0.19976425,0.19976425,0.27495956,0.5298424,0.86675644,1.2251549,1.5835533,1.9497643,2.249569,2.7085533,3.4917564,4.3247643,5.131405,5.9585533,6.624569,6.4732018,3.7954674,1.1753502,1.4116783,1.1587486,0.19488144,-1.9682045,-1.8568764,2.9048424,2.3335533,0.180233,3.1997643,5.095272,6.546444,7.17535,6.8237877,4.416561,4.010311,2.9331627
-5.8412514,-6.908634,-7.500431,-7.625431,-7.3920326,-6.9750404,-6.6830482,-6.533634,-6.125431,-5.9662514,-5.750431,-5.500431,-5.250431,-5.208439,-4.6752357,-4.1420326,-3.875431,-3.750431,-3.500431,-3.2582436,-2.9750404,-2.500431,-2.0336342,-1.6254311,-1.2504311,-0.93304825,-0.6498451,-0.37543106,-0.08343887,0.57476425,1.4663658,2.392147,3.1753502,3.7085533,4.124569,4.499569,4.624569,4.841366,5.249569,5.341366,4.6167564,3.874569,3.374569,2.8335533,3.2251549,2.9087486,1.7495689,3.124569,2.7915611,0.27495956,0.19976425,2.508358,4.4331627,5.249569,5.341366,5.0669518,2.5249596,2.508358
-3.7621498,-5.500431,-7.1449623,-7.857853,-8.5463295,-8.784611,-8.364689,-7.94965,-7.899845,-7.7113686,-7.357853,-6.7601967,-6.3920326,-6.149845,-6.045353,-5.906681,-5.6332436,-5.3051186,-5.1000404,-5.1752357,-5.04047,-4.8002357,-4.458439,-3.8002357,-3.2865639,-3.1000404,-2.9154701,-2.6918373,-2.1830482,-1.5248451,-0.94867325,-0.085392,1.0952721,2.142147,2.6919518,3.1499596,3.633358,4.171444,4.80035,5.3335533,5.916561,6.3247643,6.55328,6.4331627,5.9048424,5.4566,5.560116,5.999569,6.249569,6.249569,6.039608,6.0747643,5.8579674,5.42535,5.204647,4.6167564,2.845272,1.6665611
-3.8363686,-4.5199623,-4.6850014,-5.0912514,-5.5912514,-6.0551186,-6.6762123,-6.7533607,-8.050236,-8.633244,-8.786564,-8.44965,-8.291447,-8.041447,-7.875431,-7.7250404,-7.649845,-7.774845,-7.7250404,-7.57465,-7.1752357,-6.7670326,-6.232853,-5.8002357,-5.2670326,-4.746525,-4.4545326,-4.3168373,-3.8920326,-3.4750404,-2.8549232,-2.1830482,-1.3246498,-0.15863419,0.8599205,1.6753502,2.3579674,3.2085533,3.8999596,4.5337486,4.98785,5.350155,5.758358,6.392147,6.810116,7.100155,7.23785,7.30035,7.1079674,7.100155,7.1997643,7.27203,7.2817955,6.374569,5.6919518,4.9800377,4.2954674,3.6919518
-5.333439,-5.9750404,-6.1351967,-6.3168373,-6.6918373,-7.2445717,-7.5795326,-8.147892,-8.425236,-8.397892,-8.246525,-7.94965,-7.774845,-7.6420326,-7.399845,-7.312931,-7.1469154,-6.899845,-6.774845,-6.6752357,-6.569767,-6.7387123,-6.5814857,-6.07465,-5.3900795,-4.5795326,-3.7748451,-3.2748451,-3.375431,-3.335392,-3.1996498,-2.9584389,-2.3500404,-1.5082436,-0.37347794,0.82964706,1.8413658,2.7163658,3.1001549,3.258358,3.6665611,4.1997643,4.758358,5.2837486,5.560116,5.883358,6.541561,7.1997643,7.633358,7.9419518,8.074764,8.258358,8.350155,7.8999596,6.9585533,5.9116783,6.2153893,5.810116
-5.590275,-5.9750404,-6.250431,-6.408634,-6.6713295,-6.835392,-6.7113686,-6.649845,-6.44965,-6.286564,-6.19965,-6.149845,-6.1000404,-5.9330482,-5.6752357,-5.3168373,-4.91547,-4.4945717,-4.149845,-3.8549232,-3.5502357,-3.326603,-3.0834389,-2.9252357,-2.9887123,-3.201603,-3.1596107,-3.0219154,-2.9496498,-2.8500404,-2.5170326,-1.9828529,-1.3246498,-0.6664467,0.28374863,1.3599205,1.8237877,2.267147,2.3501549,1.5034752,1.1245689,1.3901939,3.2915611,4.1587486,5.7954674,6.593319,6.8999596,7.1704674,7.4829674,7.749569,7.935116,7.9985924,7.9136314,7.5747643,7.0278893,6.0669518,4.92535,4.0112877
