out3a.json
{"header": { "discipline":0, "disciplineName":"Meteorological products", "gribEdition":2, "gribLength":103017, "center":29, "centerName":"New Delhi (RSMC/RAFC)", "subcenter":0, "refTime":"2018-01-26T12:00:00.000Z", "significanceOfRT":1, "significanceOfRTName":"Start of forecast", "productStatus":0, "productStatusName":"Operational products", "productType":2, "productTypeName":"Analysis and Forecast products", "productDefinitionTemplate":0, "productDefinitionTemplateName":"Analysis/forecast at horizontal level/layer at a point in time", "parameterCategory":2, "parameterCategoryName":"Momentum", "parameterNumber":2, "parameterNumberName":"U-component_of_wind", "parameterUnit":"m.s-1", "genProcessType":2, "genProcessTypeName":"Forecast", "forecastTime":12, "surface1Type":103, "surface1TypeName":"Specified height level above ground", "surface1Value":10.0, "surface2Type":255, "surface2TypeName":"Missing", "surface2Value":-9.999E-252, "gridDefinitionTemplate":0, "gridDefinitionTemplateName":"Latitude_Longitude", "numberPoints":65160, "shape":6, "shapeName":"Earth spherical with radius of 6,371,229.0 m", "gridUnits":"degrees", "resolution":48, "winds":"true", "scanMode":0, "nx":360, "ny":181, "basicAngle":0, "lo1":0.0, "la1":90.0, "lo2":359.0, "la2":-90.0, "dx":1.0, "dy":1.0 }, "data":
[rows 78 to 103 of 181, columns 0 to 57 of 360]
-2.0997658,-2.391758,-2.3995705,-2.2052345,-3.1163673,-2.7413673,-2.9503517,-3.4415627,-3.438633,-2.3253517,-2.5997658,-2.3732033,-2.2247658,-2.5333595,-1.6935158,-1.0997658,-0.9669533,-0.93375015,-1.0753517,-0.1017189,0.31624985,-1.0148048,-3.023594,-2.4464455,-4.634922,-3.2003517,-2.641758,-2.0997658,-1.7501564,-1.7716408,-0.7003517,-1.0401955,2.0096092,1.2703514,0.6502342,0.35824203,0.59457016,0.8846092,-0.7921486,-2.070469,-0.55875015,0.9295311,-0.51480484,1.2449608,-2.8282814,-3.2745705,-4.3165627,-3.424961,-2.6202736,-2.3819923,-2.1163673,-1.2247658,-2.2003517,-0.84292984,-2.9347267,-4.4083595,-4.9415627,-5.099766
-1.5001564,-1.7921486,-2.009922,-1.9503517,-0.45035172,-2.3751564,-3.179844,-3.695469,-2.891758,-2.2452736,-1.8331642,-1.4103127,-2.5196877,-1.7413673,-0.37125015,0.025234222,-0.39175797,-0.2921486,-0.83511734,-1.0900002,0.100429535,-1.3048439,-3.5021095,-3.9503517,-3.9503517,-2.924961,-2.507969,-1.7648048,-1.2921486,-0.94156265,-1.3253517,-0.033359528,0.13363266,0.21468735,-0.7247658,1.2586327,1.7654686,-0.76187515,0.9578514,-1.6446877,1.858242,-1.2384377,-1.2296486,0.8846092,-2.4503517,-3.6251564,-3.8683205,-2.594883,-0.009922028,1.2478905,1.1912498,0.7654686,-2.1183205,-4.141758,-4.2745705,-4.724766,-4.96793,-5.4552345
-1.2501564,-1.8497658,-0.26675797,-1.4503517,-0.09976578,-1.5831642,-1.2999611,-3.3419533,-2.3419533,-1.5499611,-0.20816422,-1.8165627,-0.8497658,-0.51675797,-0.5333595,-1.5640259E-4,0.27523422,0.19124985,0.35042953,-1.6251564,-0.9171486,-2.3995705,-4.233555,-3.4669533,-3.0245705,-2.6251564,-2.016758,-1.0245705,-0.7501564,-0.7169533,-0.3751564,-0.5919533,-0.007968903,-0.04996109,-0.7081642,0.2498436,1.1004295,1.0086327,-1.141758,-1.2003517,2.3328514,-0.85855484,-1.5640259E-4,-0.61636734,0.9666405,-0.5001564,0.058437347,1.9920311,0.3748436,-1.2003517,-2.3331642,-1.3751564,-2.8751564,-3.2169533,-3.0001564,-4.458164,-4.1163673,-4.224766
0.049648285,-0.6017189,0.6736717,-1.4249611,-0.73355484,0.2498436,-1.3995705,-1.4171486,-0.5753517,-0.18472672,-0.80875015,-0.8702736,0.9002342,0.35824203,-1.2950783,0.049648285,0.7137108,0.6170311,1.3953514,-0.64957047,-1.5919533,-3.1896095,-3.3566017,-3.3487892,-2.5245705,-2.1163673,-1.463047,-0.33023453,0.049648285,-0.59488297,-0.3751564,-0.9796486,0.28499985,0.25960922,1.9070702,0.40804672,0.7449608,0.36996078,-1.3985939,-0.6202736,-0.64175797,0.56332016,1.4803123,-0.16519547,1.7117577,4.1004295,0.75863266,0.44808578,-1.5499611,-3.8683205,-0.6583595,-4.549961,-3.6515236,-2.7335548,-2.4796486,-3.016758,-3.346836,-3.3497658
-1.6749611,0.8748436,-0.17691422,0.23519516,0.5828514,-0.7003517,0.8699608,-1.5528908,-1.7648048,-2.1398048,-1.4249611,-0.14957047,-0.8253517,-0.0782814,-0.27847672,0.7498436,1.1267967,1.3748436,0.5496483,0.24300766,-2.3419533,-2.570469,-1.2745705,-2.7501564,-2.4747658,-1.6495705,-0.7579689,0.20003891,0.3748436,1.0818748,-1.2999611,-0.89957047,0.17464828,1.6951561,2.4148827,-1.9503517,-0.6046486,0.70980453,-2.7003517,-2.6046486,2.5164452,1.1365623,-0.9200783,-0.9269142,-1.5900002,1.0750389,-0.5001564,-0.9396095,-3.549961,-2.5870705,-0.7081642,-4.5597267,-4.0069923,-3.4601173,-2.9747658,-2.2081642,-1.4435158,-1.2052345
-1.4503517,0.14632797,0.7918358,0.9998436,1.2664452,1.358242,1.2049217,-0.51187515,-1.9532814,-1.6300392,-0.45035172,-1.5450783,-0.25503922,-0.54019547,-2.456211,-0.2501564,1.8514061,2.3885155,0.6795311,-0.94644547,-0.17496109,-1.5851173,-1.6300392,-1.884922,-1.9200783,-1.9171486,-1.2745705,-0.5597267,-0.16128922,0.2185936,-0.1251564,-0.17496109,0.108242035,1.9002342,2.200039,-0.016757965,0.45980453,0.37874985,-0.46695328,-2.2550392,1.3836327,0.2967186,0.98031235,0.16976547,-0.9737892,-2.0245705,-3.1583595,-3.6153908,-2.695469,-2.0987892,-5.708164,-5.4601173,-3.804844,-3.2550392,-2.7345314,-2.5665627,-2.5353127,-2.5001564
1.1248436,1.4402733,1.0818748,1.9500389,3.7586327,2.1248436,1.4353905,1.0183983,-0.603672,0.4295311,0.033046722,1.911953,-2.299961,-0.5685158,0.5447655,-0.2999611,0.4812889,0.84457016,1.6199608,0.43832016,-1.5919533,-0.9347267,-0.5733986,-0.52457047,-1.2452736,-1.7081642,-1.6212502,-1.3253517,-1.0929298,-0.39175797,0.2498436,1.4285545,1.3328514,1.2303123,0.2264061,0.7420311,0.65999985,0.2703514,-1.2628517,0.8250389,-0.52457047,1.358242,-1.6251564,-0.9171486,-3.518711,-3.9503517,-2.7833595,-4.674961,-3.9601173,-5.4034767,-5.9669533,-4.7745705,-3.773594,-3.6251564,-3.4200783,-2.7169533,-1.9171486,-1.6251564
-0.2501564,0.19124985,0.56624985,1.5496483,3.2752342,3.9168358,0.9998436,1.4334373,0.3250389,-0.20035172,0.1248436,2.7078514,1.9998436,-2.0587502,-1.3995705,-0.3751564,-1.0665627,0.15804672,1.3504295,-0.76675797,-1.1671486,-0.1251564,0.049648285,-0.48355484,-0.22476578,-0.7501564,-1.2413673,-1.5001564,-0.80875015,-0.7833595,0.1248436,1.3836327,1.3748436,1.9998436,1.5164452,-0.5421486,-0.27457047,-0.7081642,-3.0753517,1.6502342,-0.3751564,-0.14957047,1.3504295,-2.882969,-3.891758,-4.6251564,-3.5245705,-4.1163673,-3.424961,-6.858555,-5.583164,-4.2745705,-3.2833595,-2.4669533,-2.2003517,-1.8331642,-1.2501564,-1.8751564
-0.8253517,0.55355453,0.4998436,1.2098045,2.6053123,3.867031,3.6502342,4.4266014,3.9070702,2.7947655,0.23324203,2.4402733,1.4998436,0.119960785,-0.21695328,0.5750389,-0.063632965,1.0935936,0.33968735,-2.070469,-0.007968903,-0.64957047,0.2264061,0.6766014,0.43539047,0.60824203,0.6746483,-0.51480484,-0.556797,-0.3468361,-0.34976578,0.85531235,0.5203514,1.2752342,0.4734764,0.26644516,-0.9552345,0.041835785,-1.3087502,1.2996483,-0.40835953,0.6267967,-0.8800392,-4.4483986,-4.115391,-2.674961,-4.509922,-3.7179298,-8.000156,-6.507969,-5.349766,-3.7003517,-2.1778908,-2.4816017,-1.7003517,-1.8829689,-1.8331642,-1.4747658
-0.7501564,0.42855453,0.4734764,1.0750389,2.2996483,3.1668358,3.7254295,4.108242,4.2117577,4.7654686,1.1170311,1.3728905,1.5945702,0.32210922,1.0564842,0.35042953,0.5262108,0.45199203,-0.7403908,-1.3331642,-0.11636734,-0.04996109,0.054531097,0.023281097,-0.21011734,1.1834373,1.0086327,0.2703514,1.4803123,-0.17300797,0.27523422,1.5086327,0.16878891,-0.21988297,-1.2521095,1.4920311,-1.0753517,-1.3595314,-2.844883,-0.53042984,1.1580467,-2.6915627,-1.719883,-5.3595314,-2.7052345,-1.9503517,-4.6720314,-7.603672,-7.8751564,-6.224766,-3.9171486,-2.6251564,-2.0245705,-1.8712502,-1.7901955,-2.0753517,-1.5245705,-0.9747658
-0.7003517,-0.12027359,0.43832016,0.78499985,1.3836327,2.1004295,2.950039,3.536953,3.646328,4.115078,0.81624985,1.5828514,1.4646873,1.4383202,1.1687889,0.025234222,-0.66812515,-0.8028908,-0.71011734,-1.2013283,-0.19156265,0.25960922,0.2498436,-0.26285172,0.3904686,0.8328514,0.3904686,0.60531235,0.4920311,1.2000389,-0.34976578,0.13656235,0.5437889,0.02035141,0.70687485,-0.09976578,1.530117,-0.1798439,0.3201561,-1.1046486,-3.016758,-3.4952736,-3.8653908,-4.713047,-1.891758,-2.9747658,-9.205235,-7.7970314,-7.28043,-5.474766,-3.382969,-2.4650002,-1.9747658,-2.1251564,-2.174961,-1.5421486,-0.7579689,-0.7247658
-0.075351715,0.08968735,0.5984764,0.96468735,1.3836327,1.9920311,2.405117,2.6717186,3.4412498,2.6853905,-0.36636734,1.7967186,1.2098045,1.1795311,0.5701561,-0.5753517,0.20199203,-0.7501564,-0.7403908,-1.0499611,-1.1085548,0.24496078,0.11800766,-0.10855484,0.58480453,0.9920311,0.43636703,1.0848045,0.16292953,0.5721092,1.5750389,0.09164047,0.6531639,-0.6749611,-0.071445465,0.5750389,0.5545311,0.40804672,0.46468735,-0.39957047,-4.0421486,-4.049961,-2.719883,-3.094883,-6.30875,-7.3751564,-8.108555,-7.299961,-6.9503517,-5.3370705,-3.1671486,-2.1495705,-1.7501564,-1.9347267,-2.1251564,-0.9249611,-0.42789078,-0.32535172
-1.5640259E-4,0.29183578,1.1336327,0.47542953,0.38363266,0.8328514,1.1746483,2.1834373,2.233242,1.7498436,0.4578514,1.7420311,1.7996483,-1.5640259E-4,1.733242,-0.7501564,-0.7169533,-0.8751564,-0.5499611,-0.45816422,-0.8751564,0.100429535,-0.73355484,-0.14175797,0.6248436,1.1668358,1.3836327,-0.22476578,0.15023422,-0.6583595,0.2498436,0.26644516,2.200039,-1.7501564,-2.5997658,-1.2921486,-0.4249611,-1.0831642,2.9334373,-1.4503517,-3.0001564,-4.0001564,-1.8751564,-7.1671486,-7.8165627,-7.0001564,-7.6495705,-6.6915627,-6.2745705,-4.4669533,-3.0421486,-1.7745705,-1.1251564,-1.391758,-0.8253517,-0.1251564,-0.007968903,0.4500389
-0.1251564,0.6121483,0.41488266,-0.13980484,0.25863266,0.64144516,0.49496078,0.7000389,0.9998436,-0.10464859,0.6170311,1.0047264,1.6502342,1.1170311,-0.1329689,0.3250389,-0.2032814,-0.84292984,-0.51968765,-0.9112892,-0.4249611,-0.13003922,-0.5235939,0.21175766,-0.035312653,1.3084373,0.9783592,0.6697655,-0.25992203,1.0135155,0.3748436,0.38656235,1.7732811,-1.3146095,-1.931797,-1.0587502,-0.22964859,-0.79019547,-2.2413673,-0.39468765,-1.2003517,-2.3751564,-4.990391,-7.473789,-7.7501564,-7.5001564,-6.507969,-5.615391,-4.974766,-3.3087502,-2.2413673,-0.9503517,-0.13492203,0.26351547,1.0945702,1.2918358,1.8914452,1.8904686
-0.52457047,-0.19351578,-0.31656265,-0.1954689,0.51644516,0.23324203,0.28499985,-0.1095314,0.65511703,0.65999985,-0.11636734,0.8250389,0.3797264,1.030117,0.44710922,0.15023422,0.83187485,-1.1583595,0.015468597,-0.7579689,-0.14957047,-0.34000015,-0.22183609,0.9529686,0.53011703,0.85824203,-0.61343765,-0.6798439,0.3328514,1.3465233,1.0750389,0.6219139,0.36507797,0.6346092,-1.1769142,-1.1085548,0.6404686,-1.7316017,-1.6085548,-1.1251564,-0.5001564,-2.766758,-6.7296486,-7.320469,-7.299961,-5.8253517,-5.0021095,-4.257969,-3.344883,-2.643711,-0.80875015,0.015468597,1.233242,2.561367,2.6248436,3.1414452,3.1668358,3.700039
-0.64957047,-1.516758,-1.3204689,-0.03042984,0.11019516,-0.024570465,-0.25992203,-0.5646095,0.16683578,-0.005039215,-0.7169533,-0.1485939,1.0799217,1.5828514,0.7937889,0.2498436,0.96468735,-0.43179703,-0.8146095,-0.47476578,-0.7579689,-0.51968765,0.41195297,0.16683578,0.78011703,0.55843735,-0.46988297,0.065273285,-0.4064064,1.396328,0.8250389,0.8533592,-0.54019547,0.73031235,-0.4249611,-0.8331642,0.73031235,-0.81363297,-0.81167984,-0.5646095,-1.8419533,-5.9669533,-7.2452736,-7.099766,-6.266758,-4.724766,-3.4337502,-2.7501564,-2.2345314,-0.9503517,0.85824203,2.2596092,3.0135155,3.655117,4.485195,4.6746483,4.948086,4.905117
-1.2501564,-1.8351173,-1.2501564,-0.7501564,0.17464828,-1.5640259E-4,-0.09976578,0.44124985,-0.17789078,-1.0001564,-0.45816422,-0.8097267,0.5545311,1.1131248,0.78207016,0.15023422,-0.051914215,0.93343735,0.11019516,-0.37710953,-0.8829689,-0.22964859,0.78499985,0.53011703,1.0496483,0.23324203,-0.18472672,0.84457016,-0.13980484,1.3103905,0.9500389,-0.6378517,-0.056797028,0.6346092,0.28695297,-1.2081642,0.8748436,-0.7267189,-1.0519142,-0.01480484,-2.549961,-6.005039,-6.3253517,-5.733555,-4.7784767,-3.7501564,-2.3546486,-2.299961,-1.7003517,0.21371078,1.3748436,2.5349998,4.1736717,5.323086,6.0496483,6.8084373,6.3299217,6.1053123
-1.1251564,-1.7833595,-1.8087502,-1.0001564,-0.5997658,-1.5640259E-4,-0.14957047,-0.64175797,-0.7833595,-1.0245705,-0.3751564,-0.14957047,-0.9503517,0.48324203,0.2498436,0.4998436,0.9666405,0.01644516,-0.5499611,-0.60855484,0.16683578,0.6502342,0.8748436,1.2166405,-0.47476578,0.4578514,0.98324203,0.3250389,0.23324203,2.242031,-0.2501564,-0.8497658,-1.3751564,0.5252342,-0.46695328,-0.8751564,0.049648285,-1.0333595,-0.007968903,0.1248436,-2.6251564,-5.7169533,-4.924961,-4.2501564,-4.2169533,-3.0001564,-2.2169533,-1.6749611,-0.32535172,1.0330467,2.6668358,4.0496483,5.4666405,6.641445,7.2996483,7.916836,7.150234,6.900234
-1.5499611,-1.6915627,-1.6778908,-1.4503517,-0.43667984,-1.1583595,-0.77457047,-1.1681252,-1.2062111,-0.8204689,-0.16714859,0.06624985,-0.7950783,-0.1251564,0.17855453,0.4998436,0.61312485,-0.007968903,-0.26480484,0.14339828,0.43343735,0.34457016,0.7986717,1.2879295,-0.34976578,0.94124985,0.49300766,0.98519516,0.2185936,1.1512108,-1.0753517,0.9998436,-0.17300797,-1.5802345,0.80355453,0.7000389,-0.9845314,-0.7579689,-0.21792984,-1.7247658,-2.3331642,-3.4581642,-3.4151955,-3.4171486,-3.1700783,-2.1495705,-1.0499611,0.27523422,1.3553123,2.7381248,3.7830467,6.1746483,7.576992,7.7498436,7.5447655,7.44125,7.18832,6.8748436
-2.0753517,-1.5333595,-1.7618752,-1.4054298,-0.84292984,-1.141758,-0.7345314,-1.7296486,-0.6798439,-0.63980484,0.15804672,0.033046722,-1.094883,-1.4464455,0.13851547,0.40023422,0.5603905,0.11019516,-0.09000015,0.6033592,0.42464828,0.47542953,0.044765472,0.69124985,0.044765472,0.23324203,0.6385155,0.83480453,0.3748436,0.013515472,0.7498436,0.4295311,0.29476547,-1.5050392,1.1980858,-1.1583595,-0.43472672,-0.8331642,-0.42789078,-0.28531265,-1.7833595,-1.891758,-2.0196877,-2.2970314,-1.9913673,-0.8253517,0.58968735,1.9715233,2.7547264,4.0916405,5.358242,7.1404686,7.9666405,6.896328,6.4353905,6.4246483,6.9080467,6.9197655
-2.8995705,-2.1837502,-1.1378517,-1.5548439,-1.4679298,-1.641758,-1.2403908,-1.103672,-1.1212502,-0.30972672,-0.14175797,0.6385155,0.119960785,-0.9278908,-0.007968903,0.20003891,-0.17007828,0.68636703,-0.1798439,0.14632797,0.3670311,0.5603905,0.81624985,-0.04996109,-0.12027359,-0.18375015,0.5017967,0.28499985,0.27523422,-0.011875153,0.60042953,-0.6095314,0.5603905,-0.09976578,0.3435936,-1.2413673,0.5750389,-0.75699234,-1.688633,0.044765472,-1.6163673,-1.3751564,-1.3497658,-1.3497658,-0.71500015,0.1248436,1.7615623,2.6971092,3.9549217,4.916836,6.3084373,7.3396873,7.7078514,6.516445,6.0496483,5.7586327,5.896328,6.0799217
-3.1495705,-1.8614845,-1.9298439,-1.5245705,-1.6212502,-1.5333595,-1.3546486,-1.2999611,-0.59000015,-0.09000015,-0.06656265,0.68343735,1.2703514,-0.11148453,0.6580467,-0.1251564,0.41488266,-0.18375015,-0.3204689,0.3279686,0.6668358,0.5252342,-0.17691422,-0.22476578,-0.13492203,0.9002342,0.3904686,0.14535141,0.33675766,-0.6046486,-0.22476578,-0.61832047,0.28304672,-0.83511734,0.76644516,-0.89175797,0.025234222,-1.4903908,-1.3028908,-0.3204689,-1.5245705,-1.0196877,-0.5646095,-0.5997658,-0.3204689,0.72542953,2.5135155,3.5086327,4.5848045,5.6746483,7.025234,7.570156,7.331875,6.384609,5.5496483,5.233242,5.228359,5.46957
-3.1251564,-2.8751564,-2.7501564,-2.2501564,-2.5001564,-2.1251564,-2.424961,-1.6583595,-0.8751564,-0.09976578,0.16683578,0.6170311,1.7752342,1.6912498,0.6502342,0.1248436,0.31624985,0.6248436,0.2498436,-0.23355484,0.8748436,-0.5001564,-0.39175797,0.7498436,0.9002342,0.3328514,0.47542953,0.9002342,0.47542953,-0.2921486,0.1248436,-0.11636734,-0.5333595,-0.5997658,-0.4249611,-0.5001564,-0.2501564,-2.4337502,-0.8419533,-0.5997658,-0.4171486,-0.49136734,-0.5001564,-0.20035172,0.19124985,1.7498436,3.7830467,4.06625,4.8504295,5.858242,6.416836,6.1004295,6.4080467,4.733242,4.275234,4.041836,3.0164452,2.6746483
-4.5245705,-3.4620705,-3.4679298,-3.2901955,-2.9171486,-2.5421486,-2.6251564,-2.4845314,-1.5362892,-0.7452736,0.15023422,1.568203,1.9998436,2.2654686,0.6971092,0.42464828,0.044765472,-0.30191422,0.9451561,0.10335922,-0.06656265,-0.03042984,-0.4249611,0.7166405,0.98031235,0.22542953,-0.37125015,0.18539047,0.41488266,-0.22476578,-0.4249611,-0.43960953,-1.1749611,0.40511703,0.1170311,-0.73355484,-0.1798439,-1.1554298,-0.5333595,-0.3751564,0.7166405,-0.26968765,-0.2501564,0.14339828,1.1316795,3.700039,4.9246483,4.66,5.134609,3.4529686,1.983242,0.11019516,-1.4415627,0.5281639,1.6248436,1.3328514,1.0164452,0.615078
-4.599766,-4.3165627,-4.088047,-3.7052345,-3.4669533,-3.266758,-2.9601173,-2.8546486,-1.7804298,-1.7648048,0.29964828,0.9637108,3.6648827,3.575039,1.0584373,0.025234222,-0.7452736,0.71468735,0.07503891,-0.26480484,0.1170311,-0.42007828,-0.36636734,0.7830467,1.2195702,0.93343735,-0.08023453,0.15511703,0.40804672,-0.60855484,-0.8497658,-1.6446877,0.24496078,-1.7296486,0.5779686,-0.5831642,-0.63980484,-0.1564064,-1.5001564,-1.2101173,-0.24136734,-0.10855484,0.27523422,1.818203,3.3504295,4.7254295,5.447109,3.8816795,4.619961,0.5916405,-2.8253517,-1.7003517,-1.931797,-1.938633,-1.4103127,-1.1837502,-2.304844,-2.6446877
-5.3995705,-4.473789,-4.458164,-4.5001564,-4.3663673,-4.266758,-3.674961,-3.0001564,-2.463047,-1.1495705,0.06624985,1.8933983,2.9695702,1.7185936,-0.22378922,-0.075351715,1.0447655,0.44710922,0.20003891,0.041835785,-0.64175797,-0.2999611,-0.03042984,1.0379295,0.9353905,0.60042953,-0.7052345,-0.45523453,-0.9581642,-1.6095314,-0.45035172,-0.2530861,-0.84488297,-2.3800392,0.36800766,-1.2921486,-0.01480484,-0.0782814,-0.8028908,-1.9503517,-0.48355484,-0.41031265,1.6795311,3.0467186,4.110195,5.150234,5.276211,3.9851952,3.6346092,0.9715233,-1.4337502,-1.509922,-3.3966408,-4.2345314,-4.299961,-4.5245705,-4.733555,-4.474766
