out3a.json
{"header": { "discipline":0, "disciplineName":"Meteorological products", "gribEdition":2, "gribLength":104115, "center":29, "centerName":"New Delhi (RSMC/RAFC)", "subcenter":0, "refTime":"2018-01-26T12:00:00.000Z", "significanceOfRT":1, "significanceOfRTName":"Start of forecast", "productStatus":0, "productStatusName":"Operational products", "productType":2, "productTypeName":"Analysis and Forecast products", "productDefinitionTemplate":0, "productDefinitionTemplateName":"Analysis/forecast at horizontal level/layer at a point in time", "parameterCategory":2, "parameterCategoryName":"Momentum", "parameterNumber":3, "parameterNumberName":"V-component_of_wind", "parameterUnit":"m.s-1", "genProcessType":2, "genProcessTypeName":"Forecast", "forecastTime":12, "surface1Type":103, "surface1TypeName":"Specified height level above ground", "surface1Value":10.0, "surface2Type":255, "surface2TypeName":"Missing", "surface2Value":-9.999E-252, "gridDefinitionTemplate":0, "gridDefinitionTemplateName":"Latitude_Longitude", "numberPoints":65160, "shape":6, "shapeName":"Earth spherical with radius of 6,371,229.0 m", "gridUnits":"degrees", "resolution":48, "winds":"true", "scanMode":0, "nx":360, "ny":181, "basicAngle":0, "lo1":0.0, "la1":90.0, "lo2":359.0, "la2":-90.0, "dx":1.0, "dy":1.0 }, "data":
[rows 0 to 24 of 181, columns 58 to 115 of 360]
-0.80316544,-0.7435951,-0.6850014,-0.62543106,-0.5648842,-0.5053139,-0.444767,-0.3851967,-0.3246498,-0.26410294,-0.20355606,-0.14300919,-0.08246231,-0.021915436,0.039608,0.10015488,0.16070175,0.22124863,0.2817955,0.34234238,0.40288925,0.46245956,0.52300644,0.58257675,0.64214706,0.7017174,0.7612877,0.820858,0.87945175,0.9380455,0.99663925,1.0542564,1.1118736,1.1694908,1.2261314,1.2827721,1.3394127,1.3950768,1.4497643,1.5054283,1.5601158,1.6138268,1.6675377,1.7202721,1.7730064,1.8247643,1.8755455,1.9273033,1.977108,2.0269127,2.0757408,2.1235924,2.171444,2.2192955,2.265194,2.3110924,2.3560143,2.3999596
-1.5004311,-1.3881264,-1.3002357,-1.2504311,-1.147892,-1.1254311,-1.0004311,-0.9086342,-0.87543106,-0.75043106,-0.62543106,-0.62543106,-0.50043106,-0.38031387,-0.36468887,-0.25043106,-0.14496231,-0.07464981,-4.310608E-4,0.09038925,0.17535019,0.2534752,0.37456894,0.4253502,0.5503502,0.6314049,0.6753502,0.8003502,0.9253502,0.94976425,1.0503502,1.1753502,1.3003502,1.3130455,1.4253502,1.5347252,1.6001549,1.6753502,1.8003502,1.8501549,1.9312096,2.0503502,2.1001549,2.1753502,2.3003502,2.3237877,2.4253502,2.4751549,2.5503502,2.640194,2.6753502,2.8003502,2.8003502,2.9253502,2.9253502,3.0503502,3.0503502,3.1753502
-1.6029701,-1.4516029,-1.3002357,-1.1683998,-1.0248451,-0.8998451,-0.7748451,-0.616642,-0.4652748,-0.2914467,-0.14984512,-0.024845123,0.10015488,0.22515488,0.35015488,0.47515488,0.61870956,0.7251549,0.8569908,0.9878502,1.1001549,1.227108,1.2915611,1.3745689,1.4995689,1.6245689,1.7495689,1.8745689,1.8980064,1.9995689,2.124569,2.1499596,2.2749596,2.374569,2.4536705,2.5200768,2.624569,2.6499596,2.749569,2.7749596,2.8999596,2.999569,3.0249596,3.124569,3.1704674,3.249569,3.3482018,3.374569,3.499569,3.5132408,3.6050377,3.626522,3.749569,3.749569,3.8618736,3.874569,3.8853111,3.999569
-1.4252357,-1.3002357,-1.1752357,-1.0502357,-0.9369545,-0.8451576,-0.7933998,-0.6996498,-0.5746498,-0.47504044,-0.4496498,-0.35004044,-0.22504044,-0.100040436,-0.07464981,-0.05023575,-0.14984512,-0.17523575,-0.05023575,0.0630455,0.07476425,0.19976425,0.32476425,0.34038925,0.44976425,0.57476425,0.64019394,0.7251549,0.84820175,0.9751549,1.1001549,1.2251549,1.3501549,1.4819908,1.6128502,1.8296471,1.9751549,2.1001549,2.2398033,2.3716393,2.499569,2.624569,2.7417564,2.8501549,2.9751549,2.999569,3.1187096,3.2251549,3.249569,3.3501549,3.3501549,3.3814049,3.4751549,3.4898033,3.6001549,3.6001549,3.7095299,3.7251549
-2.0902748,-2.000431,-1.8754311,-1.7504311,-1.6254311,-1.585392,-1.5004311,-1.3754311,-1.2504311,-1.1254311,-1.0004311,-0.90472794,-0.80023575,-0.68011856,-0.60980606,-0.55023575,-0.42523575,-0.30023575,-0.30023575,-0.17523575,-0.05023575,0.07476425,0.14995956,0.23003769,0.36870956,0.4663658,0.59527206,0.7837486,0.94488144,1.0747643,1.1597252,1.305233,1.4497643,1.5200768,1.6919518,1.8648033,1.9995689,2.124569,2.1548424,2.249569,2.3003502,2.374569,2.374569,2.374569,2.4253502,2.4253502,2.4800377,2.5503502,2.5503502,2.6519127,2.7349205,2.8003502,2.874569,2.999569,3.1079674,3.1353111,3.2798424,3.3579674
-2.625431,-2.500431,-2.375431,-2.250431,-2.125431,-2.000431,-1.8754311,-1.7504311,-1.6254311,-1.5004311,-1.3754311,-1.2504311,-1.1254311,-1.0004311,-0.87543106,-0.8168373,-0.75043106,-0.62543106,-0.50043106,-0.37543106,-0.25043106,-0.116642,0.041561127,0.24956894,0.37456894,0.49956894,0.6753502,0.8335533,0.99956894,1.1245689,1.2495689,1.3413658,1.3745689,1.5337486,1.6245689,1.7495689,1.8745689,1.9995689,1.9995689,2.124569,2.249569,2.249569,2.249569,2.249569,2.249569,2.249569,2.3413658,2.374569,2.4087486,2.499569,2.624569,2.749569,2.7915611,2.874569,2.999569,3.124569,3.249569,3.3335533
-2.750431,-2.5336342,-2.250431,-2.125431,-2.000431,-1.835392,-1.6254311,-1.4828529,-1.3246498,-1.1566811,-0.9496498,-0.85004044,-0.7748451,-0.72504044,-0.60004044,-0.5648842,-0.5248451,-0.5746498,-0.50043106,-0.42523575,-0.35004044,-0.09125137,0.21636581,0.36968613,0.5679283,0.6899986,0.6753502,0.7251549,0.7446861,0.8345299,0.99956894,1.1245689,1.2495689,1.3745689,1.4995689,1.6099205,1.6997643,1.7749596,1.8745689,1.8003502,1.7495689,1.8247643,1.9497643,2.0747643,2.1997643,2.2232018,2.1997643,2.249569,2.249569,2.249569,2.3648033,2.3804283,2.499569,2.5454674,2.624569,2.7066002,2.8247643,2.9497643
-2.6664467,-2.3568764,-2.1000404,-1.8412514,-1.4867592,-1.2250404,-1.0746498,-0.9496498,-0.8900795,-0.7387123,-0.60004044,-0.47504044,-0.35004044,-0.22504044,0.005428314,0.13628769,0.27495956,0.49956894,0.55132675,0.69195175,0.77007675,0.87456894,0.89995956,0.9595299,1.0249596,1.0220299,0.89995956,0.8579674,0.727108,0.7554283,0.7368736,0.8003502,0.8501549,0.8814049,1.0249596,1.0503502,1.1831627,1.3999596,1.4253502,1.5503502,1.6499596,1.7153893,1.7495689,1.7495689,1.7495689,1.7495689,1.8482018,1.9995689,1.9995689,1.9995689,1.9995689,1.8999596,1.9995689,2.0249596,2.0249596,2.1499596,2.2603111,2.3413658
-2.9779701,-2.5834389,-2.1752357,-1.7680092,-1.4330482,-1.0004311,-0.7318764,-0.9662514,-1.2152748,-1.1254311,-1.0004311,-0.87543106,-0.6664467,-0.47699356,-0.20453262,0.036678314,0.29351425,0.52495956,0.7817955,0.97808456,1.1499596,1.3003502,1.3003502,1.3003502,1.2134361,1.1714439,1.1245689,1.1079674,1.0767174,0.94976425,0.9380455,0.82476425,0.82476425,0.94976425,0.9878502,1.0249596,1.0249596,0.9253502,0.89995956,0.89995956,0.89995956,0.89995956,0.89995956,0.89800644,1.1001549,1.1714439,1.2251549,1.1245689,1.1997643,1.3247643,1.555233,1.6997643,1.7251549,1.7495689,1.6499596,1.6245689,1.6245689,1.7495689
-1.991642,-2.2201576,-1.6752357,-1.3002357,-0.9887123,-0.90472794,-0.4496498,-0.5336342,-0.38031387,-0.39984512,-0.3246498,-0.12543106,0.10796738,0.39507675,0.7847252,1.2085533,1.5737877,1.8999596,2.2066002,2.517147,2.805233,2.8950768,2.9663658,2.9253502,2.8062096,2.8599205,2.9253502,2.9497643,3.0249596,3.2153893,3.5601158,3.8862877,3.374569,0.12163925,-0.89691544,-1.069767,-0.38129044,0.64214706,1.3501549,2.8784752,2.5337486,1.7251549,1.9829674,2.267147,2.4253502,2.2915611,1.9878502,1.6499596,1.3247643,1.0835533,0.8003502,0.69976425,0.77495956,1.055233,1.2749596,1.5317955,1.7798424,2.0835533
-5.750431,-5.500431,-5.375431,-5.250431,-4.9330482,-4.399845,-3.732853,-2.9584389,-2.0502357,-1.2670326,-0.60785294,-0.07464981,0.29156113,0.49956894,0.87456894,1.2417564,1.5913658,1.9995689,2.2837486,2.374569,2.624569,2.508358,2.749569,2.9497643,3.2329674,3.517147,3.9253502,4.3335533,4.7417564,5.0249596,5.3081627,5.499569,5.624569,4.4917564,3.2329674,1.3501549,-0.14203262,-0.20843887,0.77495956,1.5747643,1.0581627,0.7251549,0.7085533,2.749569,4.475155,3.6919518,2.9087486,2.499569,2.249569,2.249569,2.249569,2.249569,2.249569,2.124569,2.124569,2.124569,2.124569,2.249569
-8.897892,-9.22504,-9.19965,-8.526798,-6.8070717,-4.654728,-2.828556,-1.7582436,-1.1000404,-0.47015762,-0.25336075,-0.17523575,0.10015488,0.34527206,0.9751549,1.6831627,2.062069,2.5747643,3.095272,3.517147,3.8247643,4.0298424,4.267147,4.475155,4.664608,4.725155,4.80035,4.80035,4.7300377,4.67535,4.515194,4.374569,4.3999596,4.3862877,4.454647,4.4497643,4.0816,2.3003502,1.3648033,1.055233,0.14800644,1.7554283,3.3999596,3.374569,2.0503502,2.7778893,1.8618736,1.4497643,4.720272,5.954647,5.994686,5.5669518,5.133358,4.8804283,4.600155,4.2681236,4.0054283,3.8501549
-11.576603,-8.170353,-8.425236,-4.234806,1.4419518,3.7554283,5.2730064,6.1079674,5.810116,7.4019127,8.283749,8.039608,8.058163,7.8316,7.8999596,8.001522,6.961483,6.225155,6.008358,5.9800377,5.7749596,5.624569,5.600155,5.475155,5.350155,5.225155,5.124569,4.999569,4.9067955,4.7749596,4.8462486,4.999569,4.850155,4.725155,4.671444,4.600155,4.5747643,4.5669518,4.67535,4.541561,4.624569,4.494686,4.6919518,3.0230064,2.9497643,3.173397,3.4595299,4.05035,5.1567955,5.260311,4.7700768,4.55035,4.5249596,4.5249596,4.5249596,4.3999596,4.374569,4.2749596
-7.625431,-6.208439,-3.000431,2.0435143,2.6499596,2.9751549,4.5562096,9.499569,11.819881,11.255428,7.1587486,10.395077,10.02496,9.951717,8.55035,7.392147,6.6235924,6.225155,6.0249596,6.0112877,5.999569,5.874569,5.7749596,5.6499596,5.5249596,5.374569,5.2749596,5.249569,5.3687096,5.374569,5.374569,5.1079674,4.6997643,4.767147,4.3403893,4.619686,4.9497643,5.166561,5.345272,5.758358,6.2466393,7.0747643,7.1587486,7.33453,8.180233,6.7886314,6.0581627,5.92535,4.810116,4.5962486,3.6001549,3.3237877,2.9917564,2.555233,3.0835533,3.6997643,4.0649986,4.3667564
1.836483,1.1704674,4.5249596,2.343319,5.0317955,4.6997643,4.3169518,5.124569,4.9399986,5.64703,6.3169518,6.744686,7.091366,7.267147,7.3247643,7.4497643,7.3950768,7.1997643,6.937069,6.784725,6.8247643,6.7749596,6.624569,6.4497643,6.3999596,6.3999596,6.369686,6.3247643,6.3247643,6.1499596,6.0249596,5.720272,5.3247643,5.463436,5.664608,5.560116,6.7280846,5.767147,6.2798424,6.796444,6.4585533,7.30035,6.9917564,5.8862877,8.060116,8.730038,8.721249,8.55035,7.5230064,3.6831627,1.8345299,1.6245689,1.3169518,1.3696861,0.7720299,4.6167564,5.164608,5.3579674
1.3247643,-1.116642,-2.000431,-0.491642,4.850155,6.475155,6.874569,7.166561,7.3247643,7.624569,7.749569,7.749569,7.666561,7.499569,7.350155,7.4331627,7.374569,7.499569,7.374569,7.1831627,7.124569,7.133358,7.416561,7.374569,7.267147,7.249569,7.17535,7.124569,6.874569,7.1997643,8.074764,6.883358,6.124569,6.374569,6.1919518,5.874569,6.124569,5.791561,5.4497643,6.5747643,7.124569,6.7749596,5.749569,7.258358,6.92535,4.475155,6.758358,6.249569,5.225155,0.6831627,0.52495956,0.94976425,0.29156113,0.94976425,2.5581627,3.767147,4.249569,4.374569
-2.6185951,5.1548424,6.6997643,7.753475,8.189999,8.350155,8.475155,8.458553,8.42535,8.30035,8.374569,8.105038,7.6499596,7.4497643,7.3648033,6.9312096,6.92535,7.124569,7.4087486,7.499569,7.55035,7.680233,8.133358,8.270077,7.8482018,7.1831627,6.7954674,6.8247643,7.093319,7.385311,7.749569,7.30035,6.92535,6.343319,6.4497643,6.619686,6.3716393,5.7329674,3.249569,4.1304283,6.515194,6.7554283,6.0249596,5.6997643,5.08453,4.888241,4.975155,4.3999596,4.296444,4.267147,4.3804283,4.1899986,4.350155,3.789608,3.6997643,2.9829674,2.5249596,2.4087486
6.2749596,7.4517174,8.374569,9.033749,9.475155,9.499569,9.20953,8.874569,8.749569,8.628475,8.232967,7.6997643,7.749569,7.244686,6.994686,7.350155,7.4087486,7.249569,7.475155,7.9048424,8.100155,8.760311,8.383358,9.310116,9.499569,8.741756,8.45953,9.392147,9.999569,9.89996,9.991756,9.80035,9.64996,9.046444,8.911678,8.42535,7.784725,7.0835533,6.4497643,5.95953,5.633358,5.1099205,4.6587486,4.4517174,3.999569,3.4663658,3.218319,3.2749596,4.0835533,3.7749596,3.2700768,2.9087486,3.3667564,2.8345299,2.508358,2.1665611,1.3247643,0.49956894
4.961483,5.6587486,7.100155,8.449764,9.291561,9.475155,9.225155,8.933163,8.64996,8.116756,7.725155,9.140194,8.533749,8.279842,8.819881,7.131405,7.166561,9.27496,8.414608,8.901913,8.67535,9.466366,9.191952,8.090389,7.999569,10.221249,11.114803,11.441952,11.966366,12.180233,12.095272,12.866756,12.725155,12.123592,10.986874,9.689999,8.885311,7.2749596,5.970272,4.805233,4.345272,4.390194,6.341366,6.468319,6.0249596,4.9312096,2.9712486,2.7749596,2.921444,1.8862877,2.1001549,2.6528893,2.5503502,1.8403893,1.6899986,1.2202721,0.10503769,0.017147064
3.7251549,7.3130455,10.199764,9.99371,8.866756,8.100155,8.221249,8.208553,8.145077,9.433163,9.293514,8.949764,8.699764,8.336483,8.9849205,7.508358,9.227108,9.600155,8.866756,8.661678,7.6704674,7.9849205,8.791561,8.895077,9.77496,10.755428,12.145077,11.874569,13.225155,14.890194,16.185116,15.5786705,12.850155,7.756405,4.27203,2.0503502,1.6567955,2.0503502,2.4653893,2.7134361,2.1001549,1.7202721,1.508358,1.4663658,2.0347252,2.2300377,1.5103111,1.3745689,0.72027206,0.27007675,0.27495956,-0.08343887,0.041561127,-0.67035294,-1.2230873,-0.5648842,0.49468613,-0.12543106
5.4331627,7.17535,8.999569,8.158749,8.058163,7.5249596,7.2417564,7.041561,7.6997643,8.558163,9.357967,8.999569,8.874569,8.874569,8.999569,7.508358,7.7417564,7.749569,6.999569,7.249569,7.350155,8.008358,8.791561,9.52496,10.232967,10.892147,11.199764,11.458553,13.566952,14.77496,17.008358,17.183163,13.999569,9.433163,9.758358,4.5747643,2.7417564,1.9585533,0.35015488,-0.62543106,1.8247643,1.3247643,-1.1664467,2.8501549,1.9995689,0.133358,0.033748627,-4.310608E-4,0.05816269,-0.9584389,-2.250431,-1.616642,-1.8334389,0.5503502,-0.39203262,-0.100040436,-0.05023575,-0.08343887
4.798397,4.9116783,5.5747643,8.378475,10.350155,9.965389,7.73785,9.232967,9.510311,7.666561,6.628475,7.515194,8.55035,8.4536705,7.8247643,5.7749596,5.062069,4.55035,5.7866783,6.8316,8.999569,9.624569,9.55035,9.994686,10.083553,9.756405,10.444881,11.591366,13.539608,15.05035,12.390194,15.463436,5.7749596,2.2095299,2.3013268,1.3550377,2.5132408,1.7329674,0.8550377,0.19878769,2.017147,2.2700768,0.74175644,0.33843613,0.43999863,0.017147064,0.34624863,-0.12543106,-0.6586342,-0.0014076233,0.06988144,0.49175644,0.508358,1.5249596,-0.538517,-0.85492325,-0.35004044,0.69195175
4.7778893,8.27496,9.124569,9.64996,8.821835,7.034725,10.010311,10.708553,6.310116,3.3579674,5.1431236,7.42535,8.208553,7.9829674,7.470272,6.999569,5.843319,6.475155,7.378475,9.183163,9.324764,9.142147,9.142147,9.600155,9.506405,9.39703,10.124569,10.091366,10.5816,11.380428,11.731991,8.98785,3.2749596,2.3003502,2.9634361,1.7046471,0.7485924,-0.14984512,0.095272064,0.96831894,0.5337486,0.42046738,-0.60004044,0.68120956,1.8403893,2.1450768,1.2319908,1.0747643,0.5347252,0.39507675,0.77495956,0.8862877,1.7085533,0.82476425,0.35796738,-0.09711075,-0.28461075,-0.38324356
6.1480064,5.2837486,5.600155,5.8999596,8.673397,7.5200768,8.651913,2.883358,0.5845299,6.921444,8.319881,8.020077,7.767147,7.7817955,6.914608,6.091366,7.555233,8.89996,9.176327,9.17828,9.454647,9.67535,9.791561,9.350155,9.100155,9.013241,9.069881,9.258358,8.9067955,9.989803,10.036678,7.17535,3.5503502,3.265194,2.4517174,0.664608,0.71538925,0.39995956,0.15484238,-0.30511856,-0.09711075,-4.310608E-4,-0.09125137,1.1851158,-0.25043106,-0.6137123,0.06499863,0.35015488,0.289608,1.3081627,1.2495689,1.2046471,0.6665611,0.22027206,-0.43793106,-0.67035294,-1.4652748,-1.6254311
8.481991,6.61285,6.499569,5.2837486,4.680233,2.7300377,4.494686,6.883358,7.3950768,5.838436,6.244686,5.58453,4.666561,6.0513268,7.3198814,7.9116783,7.6050377,9.074764,8.777889,8.773006,9.465389,8.651913,5.892147,5.789608,7.218319,8.18121,8.119686,7.874569,7.4780846,8.039608,11.279842,4.970272,4.2749596,3.5747643,1.8237877,1.3853111,1.0347252,0.44976425,0.8648033,1.3550377,0.9097252,0.4800377,0.7915611,-0.335392,0.84038925,0.09624863,0.3081627,-0.19964981,-4.310608E-4,-0.05023575,0.6148033,-0.5570717,-0.241642,0.13042831,-0.5795326,-0.897892,-1.5248451,-1.0746498
