out3a.json
{"header": { "discipline":0, "disciplineName":"Meteorological products", "gribEdition":2, "gribLength":103017, "center":29, "centerName":"New Delhi (RSMC/RAFC)", "subcenter":0, "refTime":"2018-01-26T12:00:00.000Z", "significanceOfRT":1, "significanceOfRTName":"Start of forecast", "productStatus":0, "productStatusName":"Operational products", "productType":2, "productTypeName":"Analysis and Forecast products", "productDefinitionTemplate":0, "productDefinitionTemplateName":"Analysis/forecast at horizontal level/layer at a point in time", "parameterCategory":2, "parameterCategoryName":"Momentum", "parameterNumber":2, "parameterNumberName":"U-component_of_wind", "parameterUnit":"m.s-1", "genProcessType":2, "genProcessTypeName":"Forecast", "forecastTime":12, "surface1Type":103, "surface1TypeName":"Specified height level above ground", "surface1Value":10.0, "surface2Type":255, "surface2TypeName":"Missing", "surface2Value":-9.999E-252, "gridDefinitionTemplate":0, "gridDefinitionTemplateName":"Latitude_Longitude", "numberPoints":65160, "shape":6, "shapeName":"Earth spherical with radius of 6,371,229.0 m", "gridUnits":"degrees", "resolution":48, "winds":"true", "scanMode":0, "nx":360, "ny":181, "basicAngle":0, "lo1":0.0, "la1":90.0, "lo2":359.0, "la2":-90.0, "dx":1.0, "dy":1.0 }, "data":
[rows 104 to 129 of 181, columns 0 to 57 of 360]
-5.2003517,-4.9503517,-5.257969,-4.7501564,-5.052891,-4.424961,-4.0196877,-3.1564064,-2.6769142,-1.6554298,0.18343735,1.0037498,1.5896873,0.6951561,0.990078,0.5750389,0.7996483,-0.40542984,0.35531235,0.50374985,-0.11636734,-0.26968765,0.5418358,0.8103905,-0.16031265,-0.3829689,-1.2882423,-1.8097267,-1.8253517,-1.6720314,0.72542953,-0.45035172,-0.2530861,-0.34000015,-0.5802345,-1.0079689,-0.4845314,-1.7999611,-1.6651955,-1.6251564,-0.14957047,-0.20816422,1.2752342,2.8933983,3.8445702,5.700039,3.867031,4.9246483,0.0701561,-0.2921486,0.3328514,-0.009922028,-3.298008,-4.674961,-4.130039,-3.7833595,-3.924961,-4.224766
-5.5001564,-5.2501564,-5.3751564,-5.2003517,-5.507969,-5.4171486,-4.7501564,-4.516758,-4.108555,-2.924961,-0.7081642,0.97542953,1.2000389,0.06624985,0.48324203,0.6248436,-0.61636734,0.18343735,0.100429535,0.6580467,-0.6671486,-0.39957047,-0.74136734,-1.8331642,0.72542953,-1.2921486,-1.9835548,-1.8497658,-1.1085548,0.5418358,1.1248436,-2.5587502,-2.6583595,-1.2745705,-0.40835953,0.7078514,-0.9503517,-0.46695328,-0.17496109,-1.3253517,0.08285141,0.55843735,1.4500389,2.9412498,3.5828514,4.9998436,0.15023422,1.6414452,0.3748436,0.14144516,0.9578514,-0.5753517,-2.7501564,-4.8253517,-3.9503517,-3.9171486,-4.224766,-4.0001564
-5.799961,-6.083164,-5.5421486,-6.139805,-6.2882423,-5.799961,-5.5196877,-5.358555,-5.206211,-3.7452736,-2.3331642,-0.26285172,1.9646873,0.27621078,1.4598045,-0.5499611,-0.33316422,0.16488266,0.4998436,0.4998436,-1.9913673,-1.884922,-0.8497658,-0.9767189,-1.1798439,-2.1671486,-1.5314064,-1.8653908,-1.0997658,-0.13785172,-1.3995705,-2.5646095,-4.130039,-2.6300392,-2.971836,-0.9083595,0.20980453,-0.7530861,-0.056797028,0.83480453,0.9578514,0.35824203,1.5447655,1.4246483,1.9617577,2.575039,-1.938633,-0.39468765,-0.27457047,-1.2052345,1.3670311,-1.8800392,-3.0665627,-4.9171486,-3.9054298,-4.549961,-4.179844,-4.4503517
-6.3253517,-6.139805,-6.891758,-6.849766,-6.46793,-5.8751564,-6.2345314,-5.599766,-5.483555,-4.8253517,-3.8253517,-1.9816017,1.0750389,0.04378891,-0.21207047,1.9998436,-0.43472672,-0.12808609,1.0154686,-1.641758,-2.0997658,-1.1896095,-1.6564064,-2.304844,-0.8204689,-1.516758,-2.304844,-0.5050392,-0.024570465,-0.6251564,-0.9249611,-2.1603127,-2.1114845,-3.0802345,-2.679844,-0.89957047,-1.0050392,0.48324203,0.55843735,0.70980453,0.1170311,-0.3312111,0.59457016,-0.005039215,0.19710922,0.1248436,-0.11636734,-0.8937111,-1.0499611,-0.32535172,0.9998436,-1.3946877,-2.3683205,-3.4601173,-4.1896095,-4.3663673,-5.851719,-5.594883
-6.849766,-6.473789,-6.3751564,-6.2745705,-5.929844,-6.1915627,-6.8253517,-6.253086,-5.7501564,-5.4103127,-5.1163673,-4.963047,-1.8546486,-0.26968765,-2.5802345,2.7752342,-1.5528908,-1.1612892,-0.79019547,-1.9679298,-1.7745705,-1.7853127,-1.2501564,-1.9181252,-1.7550392,-1.9835548,0.28207016,-1.8653908,-1.2833595,-0.91519547,-3.2745705,-2.1398048,0.65999985,-0.8302345,-1.7267189,-0.016757965,-0.3204689,-1.0284767,-1.9747658,-2.1153908,-1.7003517,-1.1583595,-0.6798439,-0.18960953,0.12679672,1.0496483,0.26351547,-1.3771095,-0.6153908,0.0017967224,0.9500389,-0.77457047,-1.8214455,-2.2413673,-4.3995705,-4.5753517,-5.2413673,-5.7296486
-6.724766,-6.9503517,-6.68375,-6.2345314,-6.382969,-6.5421486,-6.8751564,-6.0333595,-6.0421486,-5.3751564,-5.8165627,-5.3878517,-3.7150002,0.56332016,-0.16128922,0.2498436,-1.5235939,-0.8780861,-0.7345314,-0.78042984,-1.2921486,-1.0001564,-1.7403908,-1.9396095,-1.3751564,-1.0665627,-1.0733986,-2.570469,-2.3946877,-4.049961,-2.924961,-3.1915627,-1.1935158,-0.8253517,0.35042953,-0.34195328,-2.8146095,-3.0431252,-1.4435158,-1.6954689,-2.2003517,-2.0714455,-0.39957047,1.2166405,1.1717186,-0.32535172,-0.22378922,-2.353672,-1.1153908,1.561367,-0.024570465,-0.1954689,-0.22378922,-1.6095314,-3.9054298,-4.132969,-4.9952736,-5.1251564
-7.2501564,-7.1251564,-6.80875,-6.3995705,-6.007969,-6.6671486,-6.849766,-6.516758,-6.358555,-5.5753517,-5.5001564,-5.5001564,-3.8751564,-1.5831642,-0.39175797,0.8748436,0.6668358,0.8670311,1.8250389,0.7166405,0.4578514,0.60042953,-1.6915627,-2.3585548,-1.3497658,-1.9581642,-4.0245705,-3.3497658,-4.007969,-4.05875,-2.3751564,-2.2081642,1.0330467,-0.6251564,0.85042953,-2.6671486,-2.5753517,-3.0001564,-2.299961,-2.5753517,-2.3331642,-0.52457047,0.6248436,2.1834373,3.3748436,-0.5001564,-1.0665627,-0.61636734,-0.8497658,-1.2501564,-1.0421486,-1.2999611,-1.9835548,-2.424961,-3.8253517,-4.208164,-4.141758,-5.0001564
-7.4503517,-7.05875,-6.8751564,-6.3995705,-6.0753517,-6.4171486,-6.5001564,-6.55875,-6.233555,-5.6046486,-4.9669533,-4.8419533,-3.5148048,-2.7316017,1.0437889,-0.5753517,-2.056797,2.108242,0.85042953,0.85531235,1.233242,-2.2452736,-2.179844,-2.726719,-3.7003517,-5.3995705,-5.764805,-4.5753517,-3.681797,-2.681797,-2.4503517,-1.338047,-3.9796486,-2.320469,-1.2931252,-0.9747658,-2.929844,-3.898594,-3.766758,-3.2247658,-0.89175797,0.2703514,1.1297264,1.5437889,0.046718597,0.100429535,-0.66031265,-1.8566017,0.21468735,-2.588047,-2.266758,-3.594883,-4.753086,-4.8214455,-4.5646095,-5.0421486,-5.4796486,-5.5851173
-7.3751564,-7.1319923,-6.708164,-6.474766,-6.483555,-6.7003517,-6.1495705,-5.880039,-5.7970314,-5.674961,-5.5245705,-4.764805,-3.429844,-2.1202736,-1.8233986,-2.049961,-0.056797028,-0.6202736,0.24007797,3.2967186,2.5584373,-0.059726715,-1.9171486,-3.3282814,-3.7853127,-4.7833595,-5.2921486,-3.6398048,-3.6114845,-3.0919533,-2.7003517,-2.1603127,-4.306797,-2.7501564,-1.4903908,-0.77457047,-3.9396095,-3.7716408,-3.8751564,-2.804844,-2.299961,-0.9562111,1.5750389,1.1062889,-1.1368752,-1.0001564,-1.4278908,-1.6280861,-0.33023453,-3.2081642,-3.257969,-6.1251564,-7.4171486,-6.9864845,-5.674961,-5.724766,-6.014805,-6.3146095
-6.849766,-6.43375,-6.802891,-6.8751564,-6.882969,-7.2833595,-6.615391,-6.4171486,-6.1251564,-5.674961,-5.474766,-5.3663673,-4.174961,-1.8829689,-0.075351715,-0.2501564,-0.6778908,-0.884922,1.9803123,3.7986717,-0.24136734,-1.094883,-2.1534767,-2.2169533,-2.1153908,-3.3087502,-3.4913673,-3.049961,-3.563633,-2.5997658,-1.8253517,-2.7452736,-2.923008,-2.3800392,-1.8683205,-1.391758,-5.0802345,-4.927891,-4.9083595,-5.215,-4.641758,-3.7814064,-3.6446877,-3.3497658,-1.2384377,-2.0245705,-3.0802345,-1.1046486,-3.8097267,-4.0333595,-4.8419533,-7.509922,-8.341953,-9.116367,-9.085117,-7.674961,-5.570469,-5.8702736
-6.8751564,-6.7833595,-6.990391,-7.3097267,-7.2501564,-7.2501564,-7.174961,-6.5001564,-6.581211,-6.1202736,-5.9171486,-5.130039,-4.764805,-2.3400002,-0.7628517,0.15023422,-1.9982033,-0.6046486,1.1053123,1.1336327,-0.5001564,-1.4054298,-1.1319923,-1.3429298,-2.3146095,-2.674961,-1.4200783,-3.054844,-3.431797,-1.4396095,-0.8253517,-2.4601173,-1.5069923,-1.5997658,-1.8253517,-1.4747658,-5.9796486,-5.757969,-5.9503517,-6.0753517,-6.2501564,-7.132969,-7.8253517,-7.2433205,-4.0919533,-1.5499611,-0.61343765,-1.1837502,-4.3751564,-4.536289,-5.9669533,-7.349766,-8.11832,-8.073399,-8.769688,-8.375156,-8.224766,-8.109531
-6.0001564,-6.9083595,-6.6163673,-6.974766,-7.1163673,-6.958164,-7.6251564,-6.7501564,-6.891758,-6.7501564,-6.5421486,-5.891758,-4.974766,-4.007969,-1.9171486,0.4998436,-1.3331642,-2.8253517,-0.7003517,-1.1915627,3.7078514,-1.1749611,-0.7003517,-0.94156265,-2.4503517,-1.4581642,-1.641758,-0.8253517,-1.4669533,-2.7003517,-0.6251564,-1.0997658,0.108242035,-0.7247658,-3.4913673,-5.0421486,-5.724766,-6.5919533,-6.8751564,-6.924961,-7.2501564,-7.974766,-9.924961,-11.549961,-8.27457,-4.8751564,-3.8585548,-4.0665627,-6.6495705,-6.1251564,-6.6251564,-7.1495705,-7.6251564,-7.5753517,-7.549961,-7.708164,-6.7501564,-6.7745705
-6.7003517,-6.4220314,-6.958164,-7.1896095,-7.4796486,-6.8419533,-7.0753517,-7.668125,-7.141758,-6.9503517,-6.5421486,-6.7413673,-6.2745705,-5.956211,-4.889805,-2.2501564,-0.7032814,-2.018711,0.8699608,1.7566795,0.5828514,-0.4454689,5.306484,-1.9181252,-1.7999611,-2.0333595,-1.5362892,-2.594883,-2.2345314,0.60531235,-1.1251564,-0.18179703,0.61019516,-2.929844,-5.302891,-5.0421486,-5.679844,-6.6632423,-7.990391,-7.7696877,-7.891758,-7.8751564,-9.18961,-10.458164,-11.191563,-10.89957,-9.838047,-8.891758,-7.9396095,-7.6163673,-7.0001564,-6.9503517,-6.766758,-6.3566017,-5.4796486,-6.30875,-6.1534767,-5.549961
-6.6495705,-6.3097267,-6.7950783,-7.4796486,-6.96793,-6.8751564,-6.549961,-7.333164,-6.93375,-7.1896095,-6.833164,-6.7413673,-6.8702736,-6.516758,-6.226719,-5.099766,-4.0421486,1.2820702,2.4353905,0.45199203,3.3328514,3.0447655,3.521328,-3.179844,-0.64957047,0.13363266,0.61800766,-0.7296486,-1.0421486,-0.35367203,-0.47476578,0.15121078,0.00863266,-1.8546486,-4.548008,-5.333164,-6.1251564,-6.7032814,-7.799961,-8.585117,-7.7501564,-8.116367,-8.474766,-9.64957,-9.24332,-9.39957,-8.734531,-7.634922,-7.0802345,-7.098789,-7.2003517,-7.0597267,-6.608555,-6.24625,-5.8751564,-6.05875,-5.974766,-5.224766
-6.3751564,-6.5001564,-6.4532814,-6.9503517,-6.6564064,-6.3663673,-6.1095314,-6.1251564,-6.570469,-6.549961,-6.724766,-6.882969,-6.6202736,-6.6583595,-6.5597267,-6.0753517,-4.048008,1.076992,2.6053123,4.4754295,3.325039,2.7654686,1.7234764,-1.438633,2.6297264,1.8748436,-0.7364845,-0.63980484,-0.06656265,0.13851547,0.42464828,0.29183578,-0.25992203,-2.2550392,-3.6720314,-4.7501564,-6.1495705,-7.219883,-7.6671486,-8.309727,-7.583164,-7.3263283,-7.929844,-8.047031,-8.298008,-8.099766,-8.570469,-7.9913673,-7.6251564,-7.3683205,-7.3419533,-7.0245705,-6.4913673,-6.0802345,-6.115391,-6.099766,-5.706211,-5.0401955
-6.049961,-6.233555,-6.139805,-6.4845314,-6.2921486,-5.7501564,-5.424961,-5.3663673,-5.490391,-5.5753517,-6.0421486,-6.30875,-6.4103127,-6.3751564,-5.599766,-3.2247658,-0.24527359,-0.08804703,1.5799217,1.0662498,1.2752342,1.8445702,3.161953,2.3162498,1.490078,-0.5831642,-0.74136734,-0.7296486,-1.5128517,1.0398827,-0.39957047,0.74300766,-3.2765236,-2.6153908,-3.382969,-3.9913673,-5.8253517,-6.8263283,-7.424961,-7.679844,-7.93375,-7.0919533,-6.8751564,-7.049961,-6.924961,-6.974766,-6.8253517,-6.632969,-6.1603127,-6.65543,-6.733555,-6.3995705,-5.5333595,-4.8419533,-4.174961,-4.0333595,-4.03043,-3.4151955
-5.3751564,-6.0665627,-6.05875,-6.099766,-5.2413673,-4.958164,-4.674961,-4.6251564,-4.891758,-5.174961,-5.458164,-5.2501564,-5.1251564,-5.05875,-4.849766,-3.5001564,-0.49136734,-0.024570465,0.97542953,2.0164452,4.4578514,5.200039,1.9412498,3.075039,-1.5499611,-3.2501564,-2.2501564,-1.2003517,-0.075351715,0.3748436,0.6248436,-3.674961,-4.2833595,-3.174961,-3.257969,-3.9171486,-4.8751564,-4.8751564,-5.6583595,-6.549961,-7.208164,-7.257969,-6.7501564,-6.4415627,-5.8419533,-6.1251564,-6.1251564,-5.93375,-5.5245705,-5.5001564,-5.333164,-5.0753517,-5.1251564,-4.8751564,-4.5001564,-3.9581642,-3.891758,-3.2745705
-5.0245705,-4.9171486,-4.261875,-4.005039,-4.103672,-4.266758,-3.5450783,-4.051914,-4.0245705,-4.054844,-4.1671486,-3.9503517,-3.8146095,-4.298008,-3.6603127,-3.0753517,-0.76480484,1.201992,1.7498436,2.3914452,3.325039,-0.38492203,-1.5685158,-1.9884377,-2.8653908,-1.4669533,-0.18667984,-0.075351715,0.8230858,0.058437347,-0.4249611,-6.603672,-4.8663673,-3.6495705,-3.257969,-3.6583595,-3.4503517,-3.6515236,-4.34293,-4.4796486,-5.599766,-6.0333595,-6.224766,-6.34293,-5.608555,-5.2003517,-4.724766,-5.0245705,-4.9503517,-4.7003517,-4.6251564,-4.5450783,-4.7003517,-4.233555,-4.3146095,-4.0421486,-3.1378517,-3.1603127
-4.0245705,-3.3214455,-3.1495705,-2.9845314,-2.4650002,-3.1495705,-3.2403908,-2.8585548,-2.507969,-2.5900002,-2.632969,-2.7765236,-2.7501564,-3.0831642,-3.023594,-2.3751564,-0.47378922,1.1385155,1.7849998,0.11800766,0.63363266,-2.0646095,-0.5782814,0.5017967,-1.1603127,0.4920311,-0.9483986,1.0096092,-0.28042984,0.16195297,-3.2745705,-4.7970314,-4.721836,-3.594883,-3.2345314,-3.0753517,-3.759922,-4.521641,-4.882969,-4.2901955,-3.4083595,-4.0665627,-4.509922,-4.521641,-4.233555,-3.6495705,-3.299961,-3.346836,-3.8595314,-3.766758,-3.799961,-3.6495705,-3.7833595,-3.6583595,-3.5148048,-3.049961,-2.8331642,-0.8751564
-2.2501564,-2.007969,-1.338047,-2.1651955,-1.9171486,-1.5499611,-1.2999611,-1.1534767,-0.9845314,-1.2003517,-1.3087502,-1.7169533,-2.0597267,-2.3819923,-2.1319923,-2.8751564,-1.4669533,-0.64957047,-0.884922,-0.45132828,-1.5421486,0.07992172,1.2137108,0.19320297,-1.0148048,-0.55875015,1.1853905,0.2498436,1.0887108,0.06332016,-2.3253517,-4.6515236,-3.4796486,-3.3946877,-3.6319923,-3.257969,-3.174961,-3.3497658,-3.3253517,-3.3751564,-4.6495705,-3.206211,-1.4396095,-1.3653908,0.19124985,-1.0753517,-1.6251564,-1.563633,-2.1495705,-2.3263283,-1.516758,-2.0050392,-2.1534767,-2.2648048,-2.0245705,-1.6915627,-0.76675797,-0.83511734
-1.0001564,-0.59488297,-0.36148453,-0.20523453,0.6482811,-0.06656265,0.5799217,0.4685936,0.7078514,0.3797264,0.06624985,-0.64175797,-1.1603127,-1.8204689,-2.0997658,-1.7999611,-1.884922,-2.4816017,-4.094883,-0.81363297,0.47542953,-0.08023453,-0.85855484,-1.7687111,-0.16519547,0.56624985,-0.7267189,-2.3351173,-1.9366798,-2.6153908,-2.4503517,-3.9620705,-3.7931252,-3.4103127,-4.2413673,-3.4083595,-3.0753517,-2.5421486,-3.2482033,-4.049961,-4.1495705,-2.8419533,-2.5401955,-3.174961,-3.8702736,-0.8253517,1.9451561,0.9549217,0.8299217,0.26644516,-0.024570465,-0.22476578,-0.33511734,-0.0021095276,0.27523422,0.60824203,0.1951561,0.47542953
0.9998436,0.35042953,1.5584373,0.8250389,1.2254295,1.6248436,1.3748436,1.858242,1.3748436,0.9998436,0.6248436,1.108242,0.3748436,-0.04996109,-1.6837502,-2.0001564,-1.9415627,-0.51675797,-1.9249611,-3.382969,-2.7501564,-2.4747658,-4.358555,-3.5333595,-3.2003517,-3.7921486,-3.5001564,-4.5001564,-3.6251564,-3.5919533,0.2498436,-3.7921486,-5.958164,-4.5245705,-3.4913673,-3.1671486,-2.299961,-2.174961,-2.266758,-1.7247658,-0.7081642,0.22542953,-1.2003517,-1.5499611,-1.4415627,-1.3751564,0.7996483,-0.20816422,3.6004295,2.983242,2.6248436,2.4002342,2.4666405,2.483242,2.2498436,1.1248436,1.6414452,1.6746483
3.6248436,4.2117577,3.804531,2.615078,2.7762108,3.7830467,3.8504295,3.981289,3.2078514,2.9754295,2.2254295,2.1004295,2.3504295,2.1502342,1.2303123,0.3748436,-0.2579689,-0.7814064,0.7654686,0.38167953,0.6580467,-0.17496109,-0.17007828,-1.5021095,-1.7501564,-2.6495705,-3.219883,-4.4552345,-5.0733986,-5.9483986,-6.8253517,-7.465,-4.740391,-2.2150002,-2.6632423,-1.4415627,-1.6398048,-0.47476578,-0.9171486,-0.5802345,-0.7921486,-0.43375015,0.1404686,-0.12027359,-0.14468765,-0.09976578,1.2371483,2.5564842,1.9295311,-0.2501564,-1.2335548,0.47542953,4.436367,4.19125,4.6746483,3.9080467,2.786953,3.1004295
1.9998436,2.9246483,3.7137108,4.950039,4.608242,4.266445,4.7996483,5.213711,4.947109,4.865078,4.8416405,4.3836327,4.150234,4.3279686,4.1746483,3.2752342,3.108242,2.867031,2.070156,2.646328,3.1668358,2.7254295,2.5017967,0.5965233,1.3348045,0.26644516,-1.6534767,-2.259922,-2.2521095,-2.5245705,-3.2501564,-4.518711,-2.898594,-1.8253517,-1.6837502,-0.7003517,0.5652733,1.0750389,0.6502342,1.1746483,1.7918358,2.2820702,1.8250389,1.1746483,1.1580467,0.6746483,0.5496483,0.06820297,0.97542953,0.6736717,1.4754295,2.5096092,2.530117,1.7986717,4.4197655,5.992031,4.3797264,4.4246483
4.6248436,3.700039,4.1580467,5.1053123,5.275234,6.016445,5.285,5.608242,5.791836,6.5603905,7.2498436,7.2078514,6.9246483,6.50375,6.15707,5.325039,5.5017967,5.411953,5.1297264,4.8152733,4.6336327,4.8152733,4.9578514,4.1834373,3.990078,3.9246483,2.6883202,1.7049217,1.0037498,1.9598045,0.85042953,0.64144516,0.6795311,1.0652733,1.6980858,1.4578514,2.5603905,3.5398827,4.1121483,5.2898827,4.8504295,5.6902733,5.2947655,5.115078,4.8504295,4.4754295,3.9412498,2.905117,1.7146873,0.8670311,0.00863266,-1.1251564,-0.7403908,1.286953,2.6453514,2.6414452,6.401211,4.700039
4.950039,5.4197655,5.775234,5.9998436,6.521328,7.1248436,6.7303123,6.1902733,6.6736717,6.8797264,7.4666405,8.19125,8.41,8.134609,6.4666405,7.2254295,8.025234,7.1180077,6.9148827,7.1336327,6.1248436,6.325039,5.7254295,4.3416405,4.46957,3.108242,5.516445,4.9353905,5.509609,6.0467186,5.525234,5.2654686,1.6131248,3.4353905,4.030117,5.150234,5.6453514,5.6248436,6.516445,7.945156,7.766445,5.780117,2.695156,3.1814842,5.3484764,5.6746483,3.9148827,3.9471092,3.6599998,5.568203,3.1580467,2.1248436,1.6385155,1.5418358,0.8201561,3.2996483,3.6180077,4.535
